608702707
365012489
805025825
119248423
738182567
173018640
16720713
1121273886
1773022542
27067335
827401898
15243593
14665866
3321417295
33401847
29849395
59366176
5373231613
25561790
27194363
19909592
4818124936
32340924
47233577
44058545
47238181
10437944921
30015168
42140324
50529286
42461254
49756725
34733255
14456625542
20381937
14186109
19652716
18383967
18795549
19298974
17718395
18377358613
26606048
34267558
34691238
32210233
59767237
58194121
66928103
31950295
32125278
33497990
23254972534
17401740
21727949
24484488
18357681
19843960
24806719
18277029
19900611
18793405
20279753
33679036
27369582
29784515638
33731879
43542603
31857020
29720021
38214642
68262360
53061816
47626311
53129871
31388716
30511610
26723458
30736952
28176801
32826746
38202627599
33223688
35579953
33255619
29325882
66508163
50785777
50467452
33774637
26839046
35209015
39098858
40935192
37770812
54140498
43441773
44074391
36604562
47332989
