2043904
2048000
2052096
2056192
2101248
2105344
2113536
2129920
2150400
2191360
2277376
2445312
2658304
2928640
3264512
3686400
4218880
4943872
5791744
7069696
7073792
7077888
7090176
7094272
7204864
8855552
8859648
10919936
13492224
13496320
13500416
13504512
13508608
13512704
13533184
13537280
13541376
13545472
13549568
13553664
16769024
16793600
16797696
16801792
16805888
16809984
16814080
16818176
16822272
16826368
16830464
20848640
25870336
25874432
25878528
25882624
25886720
25890816
25894912
25899008
25903104
25907200
25911296
25915392
25919488
25923584
25927680
25931776
25935872
33792000
43614208
55898112
55902208
55906304
79966208
109961216
109965312
156905472
156909568
230289408
321839104
321843200
465104896
465108992
688914432
968667136
968671232
1405726720
1405730816
2088566784
2942152704
2942156800
4275867648
