3.1e-05
1.2e-05
1.2e-05
8e-06
1.1e-05
1e-05
7e-06
8e-06
8e-06
1.9e-05
3.6e-05
5.3e-05
3.5e-05
3.6e-05
3.6e-05
3.7e-05
6.1e-05
3.5e-05
3.6e-05
3.5e-05
0.000146
0.000205
0.000144
0.000146
0.000145
0.000263
0.000144
0.000145
0.000151
0.000145
0.000776
0.000578
0.000587
0.000576
0.001093
0.00057
0.00056
0.000571
0.000563
0.00057
0.003179
0.002229
0.002227
0.002115
0.003582
0.002019
0.002002
0.001967
0.002041
0.002042
0.010323
0.007287
0.007113
0.007755
0.014546
0.007123
0.007862
0.007515
0.007661
0.007537
0.042308
0.029408
0.029507
0.029841
0.056201
0.02872
0.030145
0.029466
0.029292
0.028289
