872448
1196032
1486848
1925120
2068480
2801664
2945024
3092480
3235840
4558848
4702208
4845568
4988928
5136384
5279744
5423104
5566464
8069120
8212480
8355840
8503296
8646656
8790016
8933376
9076736
9220096
9367552
9510912
9654272
9797632
9940992
10084352
10227712
15093760
15237120
15380480
15523840
15667200
15810560
15958016
16101376
16244736
16388096
16531456
16674816
16822272
16965632
17108992
17252352
17395712
17539072
17682432
17829888
17973248
18116608
18259968
18403328
18546688
18694144
18837504
18980864
19124224
19267584
19410944
19554304
19701760
29282304
29425664
29569024
29712384
29855744
30003200
30146560
30289920
30433280
30576640
30720000
30867456
31010816
31154176
31297536
31440896
31584256
31727616
31875072
32018432
32161792
32305152
32448512
32591872
32739328
32882688
33026048
33169408
33312768
33456128
33599488
33746944
33890304
34033664
34177024
34320384
34463744
34611200
34754560
34897920
35041280
35184640
35328000
35475456
35618816
35762176
35905536
36048896
36192256
36335616
36483072
36626432
36769792
36913152
37056512
37199872
37347328
37490688
37634048
37777408
37920768
38064128
38207488
38354944
38498304
38641664
57659392
57802752
57946112
58093568
58236928
58380288
58523648
58667008
58810368
58957824
59101184
59244544
59387904
59531264
59674624
59817984
59965440
60108800
60252160
60395520
60538880
60682240
60829696
60973056
61116416
61259776
61403136
61546496
61689856
61837312
61980672
62124032
62267392
62410752
62554112
62701568
62844928
62988288
63131648
63275008
63418368
63565824
63709184
63852544
63995904
64139264
64282624
64425984
64573440
64716800
64860160
65003520
65146880
65290240
65437696
65581056
65724416
65867776
66011136
66154496
66297856
66445312
66588672
66732032
66875392
67018752
67162112
67309568
67452928
67596288
67739648
67883008
68026368
68173824
68317184
68460544
68603904
68747264
68890624
69033984
69181440
69324800
69468160
69611520
69754880
69898240
70045696
70189056
70332416
70475776
70619136
70762496
70905856
71053312
71196672
71340032
71483392
71626752
71770112
71917568
72060928
72204288
72347648
72491008
72634368
72781824
72925184
73068544
73211904
73355264
73498624
73641984
73789440
73932800
74076160
74219520
74362880
74506240
74653696
74797056
74940416
75083776
75227136
75370496
75513856
75661312
75804672
75948032
76091392
76234752
76378112
114274304
114417664
114561024
114704384
114847744
114991104
115138560
115281920
115425280
115568640
115712000
115855360
115998720
116146176
116289536
116432896
116576256
116719616
116862976
117010432
117153792
117297152
117440512
117583872
117727232
117870592
118018048
118161408
118304768
118448128
118591488
118734848
118882304
119025664
119169024
119312384
119455744
119599104
119746560
119889920
120033280
120176640
120320000
120463360
120606720
120754176
120897536
121040896
121184256
121327616
121470976
121618432
121761792
121905152
122048512
122191872
122335232
122478592
122626048
122769408
122912768
123056128
123199488
123342848
123490304
123633664
123777024
123920384
124063744
124207104
124354560
124497920
124641280
124784640
124928000
125071360
125214720
125362176
125505536
125648896
125792256
125935616
126078976
126226432
126369792
126513152
126656512
126799872
126943232
127086592
127234048
127377408
127520768
127664128
127807488
127950848
128098304
128241664
128385024
128528384
128671744
128815104
128962560
129105920
129249280
129392640
129536000
129679360
129822720
129970176
130113536
130256896
130400256
130543616
130686976
130834432
130977792
131121152
131264512
131407872
131551232
131694592
131842048
131985408
132128768
132272128
132415488
132558848
132706304
132849664
132993024
133136384
133279744
133423104
133570560
133713920
133857280
134000640
134144000
134287360
134430720
134578176
134721536
134864896
135008256
135151616
135294976
135442432
135585792
135729152
135872512
136015872
136159232
136302592
136450048
136593408
136736768
136880128
137023488
137166848
137314304
137457664
137601024
137744384
137887744
138031104
138178560
138321920
138465280
138608640
138752000
138895360
139038720
139186176
139329536
139472896
139616256
139759616
139902976
140050432
140193792
140337152
140480512
140623872
140767232
140910592
141058048
141201408
141344768
141488128
141631488
141774848
141922304
142065664
142209024
142352384
142495744
142639104
142786560
142929920
143073280
143216640
143360000
143503360
143646720
143794176
143937536
144080896
144224256
144367616
144510976
144658432
144801792
144945152
145088512
145231872
145375232
145518592
145666048
145809408
145952768
146096128
146239488
146382848
146530304
146673664
146817024
146960384
147103744
147247104
147394560
147537920
147681280
147824640
147968000
148111360
148254720
148402176
148545536
148688896
148832256
148975616
149118976
149266432
149409792
149553152
149696512
149839872
149983232
150126592
150274048
150417408
150560768
150704128
150847488
150990848
151138304
151281664
151425024
151568384
151711744
151855104
227500032
227643392
227786752
227930112
228073472
228216832
228360192
228507648
228651008
228794368
228937728
229081088
229224448
229371904
229515264
229658624
229801984
229945344
230088704
230232064
230379520
230522880
230666240
230809600
230952960
231096320
231243776
231387136
231530496
231673856
231817216
231960576
232108032
232251392
232394752
232538112
232681472
232824832
232968192
233115648
233259008
233402368
233545728
233689088
233832448
233979904
234123264
234266624
234409984
234553344
234696704
234840064
234987520
235130880
235274240
235417600
235560960
235704320
235851776
235995136
236138496
236281856
236425216
236568576
236716032
236859392
237002752
237146112
237289472
237432832
237576192
237723648
237867008
238010368
238153728
238297088
238440448
238587904
238731264
238874624
239017984
239161344
239304704
239448064
239595520
239738880
239882240
240025600
240168960
240312320
240459776
240603136
240746496
240889856
241033216
241176576
241324032
241467392
241610752
241754112
241897472
242040832
242184192
242331648
242475008
242618368
242761728
242905088
243048448
243195904
243339264
243482624
243625984
243769344
243912704
244056064
244203520
244346880
244490240
244633600
244776960
244920320
245067776
245211136
245354496
245497856
245641216
245784576
245932032
246075392
246218752
246362112
246505472
246648832
246792192
246939648
247083008
247226368
247369728
247513088
247656448
247803904
247947264
248090624
248233984
248377344
248520704
248664064
248811520
248954880
249098240
249241600
249384960
249528320
249675776
249819136
249962496
250105856
250249216
250392576
250540032
250683392
250826752
250970112
251113472
251256832
251400192
251547648
251691008
251834368
251977728
252121088
252264448
252411904
252555264
252698624
252841984
252985344
253128704
253272064
253419520
253562880
253706240
253849600
253992960
254136320
254283776
254427136
254570496
254713856
254857216
255000576
255148032
255291392
255434752
255578112
255721472
255864832
256008192
256155648
256299008
256442368
256585728
256729088
256872448
257019904
257163264
257306624
257449984
257593344
257736704
257880064
258027520
258170880
258314240
258457600
258600960
258744320
258891776
259035136
259178496
259321856
259465216
259608576
259756032
259899392
260042752
260186112
260329472
260472832
260616192
260763648
260907008
261050368
261193728
261337088
261480448
261627904
261771264
261914624
262057984
262201344
262344704
262488064
262635520
262778880
262922240
263065600
263208960
263352320
263499776
263643136
263786496
263929856
264073216
264216576
264364032
264507392
264650752
264794112
264937472
265080832
265224192
265371648
265515008
265658368
265801728
265945088
266088448
266235904
266379264
266522624
266665984
266809344
266952704
267096064
267243520
267386880
267530240
267673600
267816960
267960320
268107776
268251136
268394496
268537856
268681216
268824576
268972032
269115392
269258752
269402112
269545472
269688832
269832192
269979648
270123008
270266368
270409728
270553088
270696448
270843904
270987264
271130624
271273984
271417344
271560704
271704064
271851520
271994880
272138240
272281600
272424960
272568320
272715776
272859136
273002496
273145856
273289216
273432576
273580032
273723392
273866752
274010112
274153472
274296832
274440192
274587648
274731008
274874368
275017728
275161088
275304448
275451904
275595264
275738624
275881984
276025344
276168704
276312064
276459520
276602880
276746240
276889600
277032960
277176320
277323776
277467136
277610496
277753856
277897216
278040576
278188032
278331392
278474752
278618112
278761472
278904832
279048192
279195648
279339008
279482368
279625728
279769088
279912448
280059904
280203264
280346624
280489984
280633344
280776704
280920064
281067520
281210880
281354240
281497600
281640960
281784320
281931776
282075136
282218496
282361856
282505216
282648576
282796032
282939392
283082752
283226112
283369472
283512832
283656192
283803648
283947008
284090368
284233728
284377088
284520448
284667904
284811264
284954624
285097984
285241344
285384704
285528064
285675520
285818880
285962240
286105600
286248960
286392320
286539776
286683136
286826496
286969856
287113216
287256576
287404032
287547392
287690752
287834112
287977472
288120832
288264192
288411648
288555008
288698368
288841728
288985088
289128448
289275904
289419264
289562624
289705984
289849344
289992704
290136064
290283520
290426880
290570240
290713600
290856960
291000320
291147776
291291136
291434496
291577856
291721216
291864576
292012032
292155392
292298752
292442112
292585472
292728832
292872192
293019648
293163008
293306368
293449728
293593088
293736448
293883904
294027264
294170624
294313984
294457344
294600704
294744064
294891520
295034880
295178240
295321600
295464960
295608320
295755776
295899136
296042496
296185856
296329216
296472576
296620032
296763392
296906752
297050112
297193472
297336832
297480192
297627648
297771008
297914368
298057728
298201088
298344448
298491904
298635264
298778624
298921984
299065344
299208704
299352064
299499520
299642880
299786240
299929600
300072960
300216320
300363776
300507136
300650496
300793856
300937216
301080576
301228032
301371392
301514752
301658112
301801472
301944832
302088192
302235648
302379008
302522368
302665728
302809088
453890048
453890048
453890048
453890048
453890048
453890048
453890048
453890048
453890048
453890048
453890048
453890048
453890048
453890048
453890048
453890048
453890048
453890048
453890048
453890048
453890048
453890048
453890048
453890048
453890048
453890048
453890048
453890048
453890048
453890048
453890048
453890048
453890048
453890048
453890048
453890048
453890048
453890048
453890048
453890048
453890048
453890048
453890048
453890048
453890048
453890048
453890048
453890048
453890048
453890048
453890048
453890048
453890048
453890048
453890048
453890048
453890048
453890048
453890048
453890048
453890048
453890048
453890048
453890048
453890048
453890048
453890048
453890048
453890048
453890048
453890048
453890048
453890048
453890048
453890048
453890048
453890048
453890048
453890048
453890048
453890048
453890048
453890048
453890048
453890048
453890048
453890048
453890048
453890048
453890048
453890048
453890048
453890048
453890048
453890048
453890048
453890048
453890048
453890048
453890048
453890048
453890048
453890048
453890048
453890048
453890048
453890048
453890048
453890048
453890048
453890048
453890048
453890048
453890048
453890048
453890048
453890048
453890048
453890048
453890048
453890048
453890048
453890048
453890048
453890048
453890048
453890048
453890048
453890048
453890048
453890048
453890048
453890048
453890048
453890048
453890048
453890048
453890048
453890048
453890048
453890048
453890048
453890048
453890048
453890048
453890048
453890048
453890048
453890048
453890048
453890048
453890048
453890048
453890048
453890048
453890048
453890048
453890048
453890048
453890048
453890048
453890048
453890048
453890048
453890048
453890048
453890048
453890048
453890048
453890048
453890048
453890048
453890048
453890048
453890048
453890048
453890048
453890048
453890048
453890048
453890048
453890048
453890048
453890048
453890048
453890048
453890048
453890048
453890048
453890048
453890048
453890048
453890048
453890048
453890048
453890048
453890048
453890048
453890048
453890048
453890048
453890048
453890048
453890048
453890048
453890048
453890048
453890048
453890048
453890048
453890048
453890048
453890048
453890048
453890048
453890048
453890048
453890048
453890048
453890048
453890048
453890048
453890048
453890048
453890048
453890048
453890048
453890048
453890048
453890048
453890048
453890048
453890048
453890048
453890048
453890048
453890048
453890048
453890048
453890048
453890048
453890048
453890048
453890048
453890048
453890048
453890048
453890048
453890048
453890048
453890048
453890048
453890048
453890048
453890048
453890048
453890048
453890048
453890048
453890048
453890048
453890048
453890048
453890048
453890048
453890048
453890048
453890048
453890048
453890048
453890048
453890048
453890048
453890048
453890048
453890048
453890048
453890048
453890048
453890048
453890048
453890048
453890048
453890048
453890048
453890048
453890048
453890048
453890048
453890048
453890048
453890048
453890048
453890048
453890048
453890048
453890048
453890048
453890048
453890048
453890048
453890048
453890048
453890048
453890048
453890048
453890048
453890048
453890048
453890048
453890048
453890048
453890048
453890048
453890048
453890048
453890048
453890048
453890048
453890048
453890048
453890048
453890048
453890048
453890048
453890048
453890048
453890048
453890048
453890048
453890048
453890048
453890048
453890048
453890048
453890048
453890048
453890048
453890048
453890048
453890048
453890048
453890048
453890048
453890048
453890048
453890048
453890048
453890048
453890048
453890048
453890048
453890048
453890048
453890048
453890048
453890048
453890048
453890048
453890048
453890048
453890048
453890048
453890048
453890048
453890048
453890048
453890048
453890048
453890048
453890048
453890048
453890048
453890048
453890048
453890048
453890048
453890048
453890048
453890048
453890048
453890048
453890048
453890048
453890048
453890048
453890048
453890048
453890048
453890048
453890048
453890048
453890048
453890048
453890048
453890048
453890048
453890048
453890048
453890048
453890048
453890048
453890048
453890048
453890048
453890048
453890048
453890048
453890048
453890048
453890048
453890048
453890048
453890048
453890048
453890048
453890048
453890048
453890048
453890048
453890048
453890048
453890048
453890048
453890048
453890048
453890048
453890048
453890048
453890048
453890048
453890048
453890048
453890048
453890048
453890048
453890048
453890048
453890048
453890048
453890048
453890048
453890048
453890048
453890048
453890048
453890048
453890048
453890048
453890048
453890048
453890048
453890048
453890048
453890048
453890048
453890048
453890048
453890048
453890048
453890048
453890048
453890048
453890048
453890048
453890048
453890048
453890048
453890048
453890048
453890048
453890048
453890048
453890048
453890048
453890048
453890048
453890048
453890048
453890048
453890048
453890048
453890048
453890048
453890048
453890048
453890048
453890048
453890048
453890048
453890048
453890048
453890048
453890048
453890048
453890048
453890048
453890048
453890048
453890048
453890048
453890048
453890048
453890048
453890048
453890048
453890048
453890048
453890048
453890048
453890048
453890048
453890048
453890048
453890048
453890048
453890048
453890048
453890048
453890048
453890048
453890048
453890048
453890048
453890048
453890048
453890048
453890048
453890048
453890048
453890048
453890048
453890048
453890048
453890048
453890048
453890048
453890048
453890048
453890048
453890048
453890048
453890048
453890048
453890048
453890048
453890048
453890048
453890048
453890048
453890048
453890048
453890048
453890048
453890048
453890048
453890048
453890048
453890048
453890048
453890048
453890048
453890048
453890048
453890048
453890048
453890048
453890048
453890048
453890048
453890048
453890048
453890048
453890048
453890048
453890048
453890048
453890048
453890048
453890048
453890048
453890048
453890048
453890048
453890048
453890048
453890048
453890048
453890048
453890048
453890048
453890048
453890048
453890048
453890048
453890048
453890048
453890048
453890048
453890048
453890048
453890048
453890048
453890048
453890048
453890048
453890048
453890048
453890048
453890048
453890048
453890048
453890048
453890048
453890048
453890048
453890048
453890048
453890048
453890048
453890048
453890048
453890048
453890048
453890048
453890048
453890048
453890048
453890048
453890048
453890048
453890048
453890048
453890048
453890048
453890048
453890048
453890048
453890048
453890048
453890048
453890048
453890048
453890048
453890048
453890048
453890048
453890048
453890048
453890048
453890048
453890048
453890048
453890048
453890048
453890048
453890048
453890048
453890048
453890048
453890048
453890048
453890048
453890048
453890048
453890048
453890048
453890048
453890048
453890048
453890048
453890048
453890048
453890048
453890048
453890048
453890048
453890048
453890048
453890048
453890048
453890048
453890048
453890048
453890048
453890048
453890048
453890048
453890048
453890048
453890048
453890048
453890048
453890048
453890048
453890048
453890048
453890048
453890048
453890048
453890048
453890048
453890048
453890048
453890048
453890048
453890048
453890048
453890048
453890048
453890048
453890048
453890048
453890048
453890048
453890048
453890048
453890048
453890048
453890048
453890048
453890048
453890048
453890048
453890048
453890048
453890048
453890048
453890048
453890048
453890048
453890048
453890048
453890048
453890048
453890048
453890048
453890048
453890048
453890048
453890048
453890048
453890048
453890048
453890048
453890048
453890048
453890048
453890048
453890048
453890048
453890048
453890048
453890048
453890048
453890048
453890048
453890048
453890048
453890048
453890048
453890048
453890048
453890048
453890048
453890048
453890048
453890048
453890048
453890048
453890048
453890048
453890048
453890048
453890048
453890048
453890048
453890048
453890048
453890048
453890048
453890048
453890048
453890048
453890048
453890048
453890048
453890048
453890048
453890048
453890048
453890048
453890048
453890048
453890048
453890048
453890048
453890048
453890048
453890048
453890048
453890048
453890048
453890048
453890048
453890048
453890048
453890048
453890048
453890048
453890048
453890048
453890048
453890048
453890048
453890048
453890048
453890048
453890048
453890048
453890048
453890048
453890048
453890048
453890048
453890048
453890048
453890048
453890048
453890048
453890048
453890048
453890048
453890048
453890048
453890048
453890048
453890048
453890048
453890048
453890048
453890048
453890048
453890048
453890048
453890048
453890048
453890048
453890048
453890048
453890048
453890048
453890048
453890048
453890048
453890048
453890048
453890048
453890048
453890048
453890048
453890048
453890048
453890048
453890048
453890048
453890048
453890048
453890048
453890048
453890048
453890048
453890048
453890048
453890048
453890048
453890048
453890048
453890048
453890048
453890048
453890048
453890048
453890048
453890048
453890048
453890048
453890048
453890048
453890048
453890048
453890048
453890048
453890048
453890048
453890048
453890048
453890048
453890048
453890048
453890048
453890048
453890048
453890048
453890048
453890048
453890048
453890048
453890048
453890048
453890048
453890048
453890048
453890048
453890048
453890048
453890048
453890048
453890048
453890048
453890048
453890048
453890048
453890048
453890048
453890048
453890048
453890048
453890048
453890048
453890048
453890048
453890048
453890048
453890048
453890048
453890048
453890048
453890048
453890048
453890048
453890048
453890048
453890048
453890048
453890048
453890048
453890048
453890048
453890048
453890048
453890048
453890048
453890048
453890048
453890048
453890048
453890048
453890048
453890048
453890048
453890048
453890048
453890048
453890048
453890048
453890048
453890048
453890048
453890048
453890048
453890048
453890048
453890048
453890048
453890048
453890048
453890048
453890048
453890048
453890048
453890048
453890048
453890048
453890048
453890048
453890048
453890048
453890048
453890048
453890048
453890048
453890048
453890048
453890048
453890048
453890048
453890048
453890048
453890048
453890048
453890048
453890048
453890048
453890048
453890048
453890048
453890048
453890048
453890048
453890048
453890048
453890048
453890048
453890048
453890048
453890048
453890048
453890048
453890048
453890048
453890048
453890048
453890048
453890048
453890048
453890048
453890048
453890048
453890048
453890048
453890048
453890048
453890048
453890048
453890048
453890048
453890048
453890048
453890048
453890048
453890048
453890048
453890048
453890048
453890048
453890048
453890048
453890048
755879936
755879936
755879936
755879936
755879936
755879936
755879936
755879936
755879936
755879936
755879936
755879936
755879936
755879936
755879936
755879936
755879936
755879936
755879936
755879936
755879936
755879936
755879936
755879936
755879936
755879936
755879936
755879936
755879936
755879936
755879936
755879936
755879936
755879936
755879936
755879936
755879936
755879936
755879936
755879936
755879936
755879936
755879936
755879936
755879936
755879936
755879936
755879936
755879936
755879936
755879936
755879936
755879936
755879936
755879936
755879936
755879936
755879936
755879936
755879936
755879936
755879936
755879936
755879936
755879936
755879936
755879936
755879936
755879936
755879936
755879936
755879936
755879936
755879936
755879936
755879936
755879936
755879936
755879936
755879936
755879936
755879936
755879936
755879936
755879936
755879936
755879936
755879936
755879936
755879936
755879936
755879936
755879936
755879936
755879936
755879936
755879936
755879936
755879936
755879936
755879936
755879936
755879936
755879936
755879936
755879936
755879936
755879936
755879936
755879936
755879936
755879936
755879936
755879936
755879936
755879936
755879936
755879936
755879936
755879936
755879936
755879936
755879936
755879936
755879936
755879936
755879936
755879936
755879936
755879936
755879936
755879936
755879936
755879936
755879936
755879936
755879936
755879936
755879936
755879936
755879936
755879936
755879936
755879936
755879936
755879936
755879936
755879936
755879936
755879936
755879936
755879936
755879936
755879936
755879936
755879936
755879936
755879936
755879936
755879936
755879936
755879936
755879936
755879936
755879936
755879936
755879936
755879936
755879936
755879936
755879936
755879936
755879936
755879936
755879936
755879936
755879936
755879936
755879936
755879936
755879936
755879936
755879936
755879936
755879936
755879936
755879936
755879936
755879936
755879936
755879936
755879936
755879936
755879936
755879936
755879936
755879936
755879936
755879936
755879936
755879936
755879936
755879936
755879936
755879936
755879936
755879936
755879936
755879936
755879936
755879936
755879936
755879936
755879936
755879936
755879936
755879936
755879936
755879936
755879936
755879936
755879936
755879936
755879936
755879936
755879936
755879936
755879936
755879936
755879936
755879936
755879936
755879936
755879936
755879936
755879936
755879936
755879936
755879936
755879936
755879936
755879936
755879936
755879936
755879936
755879936
755879936
755879936
755879936
755879936
755879936
755879936
755879936
755879936
755879936
755879936
755879936
755879936
755879936
755879936
755879936
755879936
755879936
755879936
755879936
755879936
755879936
755879936
755879936
755879936
755879936
755879936
755879936
755879936
755879936
755879936
755879936
755879936
755879936
755879936
755879936
755879936
755879936
755879936
755879936
755879936
755879936
755879936
755879936
755879936
755879936
755879936
755879936
755879936
755879936
755879936
755879936
755879936
755879936
755879936
755879936
755879936
755879936
755879936
755879936
755879936
755879936
755879936
755879936
755879936
755879936
755879936
755879936
755879936
755879936
755879936
755879936
755879936
755879936
755879936
755879936
755879936
755879936
755879936
755879936
755879936
755879936
755879936
755879936
755879936
755879936
755879936
755879936
755879936
755879936
755879936
755879936
755879936
755879936
755879936
755879936
755879936
755879936
755879936
755879936
755879936
755879936
755879936
755879936
755879936
755879936
755879936
755879936
755879936
755879936
755879936
755879936
755879936
755879936
755879936
755879936
755879936
755879936
755879936
755879936
755879936
755879936
755879936
755879936
755879936
755879936
755879936
755879936
755879936
755879936
755879936
755879936
755879936
755879936
755879936
755879936
755879936
755879936
755879936
755879936
755879936
755879936
755879936
755879936
755879936
755879936
755879936
755879936
755879936
755879936
755879936
755879936
755879936
755879936
755879936
755879936
755879936
755879936
755879936
755879936
755879936
755879936
755879936
755879936
755879936
755879936
755879936
755879936
755879936
755879936
755879936
755879936
755879936
755879936
755879936
755879936
755879936
755879936
755879936
755879936
755879936
755879936
755879936
755879936
755879936
755879936
755879936
755879936
755879936
755879936
755879936
755879936
755879936
755879936
755879936
755879936
755879936
755879936
755879936
755879936
755879936
755879936
755879936
755879936
755879936
755879936
755879936
755879936
755879936
755879936
755879936
755879936
755879936
755879936
755879936
755879936
755879936
755879936
755879936
755879936
755879936
755879936
755879936
755879936
755879936
755879936
755879936
755879936
755879936
755879936
755879936
755879936
755879936
755879936
755879936
755879936
755879936
755879936
755879936
755879936
755879936
755879936
755879936
755879936
755879936
755879936
755879936
755879936
755879936
755879936
755879936
755879936
755879936
755879936
755879936
755879936
755879936
755879936
755879936
755879936
755879936
755879936
755879936
755879936
755879936
755879936
755879936
755879936
755879936
755879936
755879936
755879936
755879936
755879936
755879936
755879936
755879936
755879936
755879936
755879936
755879936
755879936
755879936
755879936
755879936
755879936
755879936
755879936
755879936
755879936
755879936
755879936
755879936
755879936
755879936
755879936
755879936
755879936
755879936
755879936
755879936
755879936
755879936
755879936
755879936
755879936
755879936
755879936
755879936
755879936
755879936
755879936
755879936
755879936
755879936
755879936
755879936
755879936
755879936
755879936
755879936
755879936
755879936
755879936
755879936
755879936
755879936
755879936
755879936
755879936
755879936
755879936
755879936
755879936
755879936
755879936
755879936
755879936
755879936
755879936
755879936
755879936
755879936
755879936
755879936
755879936
755879936
755879936
755879936
755879936
755879936
755879936
755879936
755879936
755879936
755879936
755879936
755879936
755879936
755879936
755879936
755879936
755879936
755879936
755879936
755879936
755879936
755879936
755879936
755879936
755879936
755879936
755879936
755879936
755879936
755879936
755879936
755879936
755879936
755879936
755879936
755879936
755879936
755879936
755879936
755879936
755879936
755879936
755879936
755879936
755879936
755879936
755879936
755879936
755879936
755879936
755879936
755879936
755879936
755879936
755879936
755879936
755879936
755879936
755879936
755879936
755879936
755879936
755879936
755879936
755879936
755879936
755879936
755879936
755879936
755879936
755879936
755879936
755879936
755879936
755879936
755879936
755879936
755879936
755879936
755879936
755879936
755879936
755879936
755879936
755879936
755879936
755879936
755879936
755879936
755879936
755879936
755879936
755879936
755879936
755879936
755879936
755879936
755879936
755879936
755879936
755879936
755879936
755879936
755879936
755879936
755879936
755879936
755879936
755879936
755879936
755879936
755879936
755879936
755879936
755879936
755879936
755879936
755879936
755879936
755879936
755879936
755879936
755879936
755879936
755879936
755879936
755879936
755879936
755879936
755879936
755879936
755879936
755879936
755879936
755879936
755879936
755879936
755879936
755879936
755879936
755879936
755879936
755879936
755879936
755879936
755879936
755879936
755879936
755879936
755879936
755879936
755879936
755879936
755879936
755879936
755879936
755879936
755879936
755879936
755879936
755879936
755879936
755879936
755879936
755879936
755879936
755879936
755879936
755879936
755879936
755879936
755879936
755879936
755879936
755879936
755879936
755879936
755879936
755879936
755879936
755879936
755879936
755879936
755879936
755879936
755879936
755879936
755879936
755879936
755879936
755879936
755879936
755879936
755879936
755879936
755879936
755879936
755879936
755879936
755879936
755879936
755879936
755879936
755879936
755879936
755879936
755879936
755879936
755879936
755879936
755879936
755879936
755879936
755879936
755879936
755879936
755879936
755879936
755879936
755879936
755879936
755879936
755879936
755879936
755879936
755879936
755879936
755879936
755879936
755879936
755879936
755879936
755879936
755879936
755879936
755879936
755879936
755879936
755879936
755879936
755879936
755879936
755879936
755879936
755879936
755879936
755879936
755879936
755879936
755879936
755879936
755879936
755879936
755879936
755879936
755879936
755879936
755879936
755879936
755879936
755879936
755879936
755879936
755879936
755879936
755879936
755879936
755879936
755879936
755879936
755879936
755879936
755879936
755879936
755879936
755879936
755879936
755879936
755879936
755879936
755879936
755879936
755879936
755879936
755879936
755879936
755879936
755879936
755879936
755879936
755879936
755879936
755879936
755879936
755879936
755879936
755879936
755879936
755879936
755879936
755879936
755879936
755879936
755879936
755879936
755879936
755879936
755879936
755879936
755879936
755879936
755879936
755879936
755879936
755879936
755879936
755879936
755879936
755879936
755879936
755879936
755879936
755879936
755879936
755879936
755879936
755879936
755879936
755879936
755879936
755879936
755879936
755879936
755879936
755879936
755879936
755879936
755879936
755879936
755879936
755879936
755879936
755879936
755879936
755879936
755879936
755879936
755879936
755879936
755879936
755879936
755879936
755879936
755879936
755879936
755879936
755879936
755879936
755879936
755879936
755879936
755879936
755879936
755879936
755879936
755879936
755879936
755879936
755879936
755879936
755879936
755879936
755879936
755879936
755879936
755879936
755879936
755879936
755879936
755879936
755879936
755879936
755879936
755879936
755879936
755879936
755879936
755879936
755879936
755879936
755879936
755879936
755879936
755879936
755879936
755879936
755879936
755879936
755879936
755879936
755879936
755879936
755879936
755879936
755879936
755879936
755879936
755879936
755879936
755879936
755879936
755879936
755879936
755879936
755879936
755879936
755879936
755879936
755879936
755879936
755879936
755879936
755879936
755879936
755879936
755879936
755879936
755879936
755879936
755879936
755879936
755879936
755879936
755879936
755879936
755879936
755879936
755879936
755879936
755879936
755879936
755879936
755879936
755879936
755879936
755879936
755879936
755879936
755879936
755879936
755879936
755879936
755879936
755879936
755879936
755879936
755879936
755879936
755879936
755879936
755879936
755879936
755879936
755879936
755879936
755879936
755879936
755879936
755879936
755879936
755879936
755879936
755879936
755879936
755879936
755879936
755879936
755879936
755879936
755879936
755879936
755879936
755879936
755879936
755879936
755879936
755879936
755879936
755879936
755879936
755879936
755879936
755879936
755879936
755879936
755879936
755879936
755879936
755879936
755879936
755879936
755879936
755879936
755879936
755879936
755879936
755879936
755879936
755879936
755879936
755879936
755879936
755879936
755879936
755879936
755879936
755879936
755879936
755879936
755879936
755879936
755879936
755879936
755879936
755879936
755879936
755879936
755879936
755879936
755879936
755879936
755879936
755879936
755879936
755879936
755879936
755879936
755879936
755879936
755879936
755879936
755879936
755879936
755879936
755879936
755879936
755879936
755879936
755879936
755879936
755879936
755879936
755879936
755879936
755879936
755879936
755879936
755879936
755879936
755879936
755879936
755879936
755879936
755879936
755879936
755879936
755879936
755879936
755879936
755879936
755879936
755879936
755879936
755879936
755879936
755879936
755879936
755879936
755879936
755879936
755879936
755879936
755879936
755879936
755879936
755879936
755879936
755879936
755879936
755879936
755879936
755879936
755879936
755879936
755879936
755879936
755879936
755879936
755879936
755879936
755879936
755879936
755879936
755879936
755879936
755879936
755879936
755879936
755879936
755879936
755879936
755879936
755879936
755879936
755879936
755879936
755879936
755879936
755879936
755879936
755879936
755879936
755879936
755879936
755879936
755879936
755879936
755879936
755879936
755879936
755879936
755879936
755879936
755879936
755879936
755879936
755879936
755879936
755879936
755879936
755879936
755879936
755879936
755879936
755879936
755879936
755879936
755879936
755879936
755879936
755879936
755879936
755879936
755879936
755879936
755879936
755879936
755879936
755879936
755879936
755879936
755879936
755879936
755879936
755879936
755879936
755879936
755879936
755879936
755879936
755879936
755879936
755879936
755879936
755879936
755879936
755879936
755879936
755879936
755879936
755879936
755879936
755879936
755879936
755879936
755879936
755879936
755879936
755879936
755879936
755879936
755879936
755879936
755879936
755879936
755879936
755879936
755879936
755879936
755879936
755879936
755879936
755879936
755879936
755879936
755879936
755879936
755879936
755879936
755879936
755879936
755879936
755879936
755879936
755879936
755879936
755879936
755879936
755879936
755879936
755879936
755879936
755879936
755879936
755879936
755879936
755879936
755879936
755879936
755879936
755879936
755879936
755879936
755879936
755879936
755879936
755879936
755879936
755879936
755879936
755879936
755879936
755879936
755879936
755879936
755879936
755879936
755879936
755879936
755879936
755879936
755879936
755879936
755879936
755879936
755879936
755879936
755879936
755879936
755879936
755879936
755879936
755879936
755879936
755879936
755879936
755879936
755879936
755879936
755879936
755879936
755879936
755879936
755879936
755879936
755879936
755879936
755879936
755879936
755879936
755879936
755879936
755879936
755879936
755879936
755879936
755879936
755879936
755879936
755879936
755879936
755879936
755879936
755879936
755879936
755879936
755879936
755879936
755879936
755879936
755879936
755879936
755879936
755879936
755879936
755879936
755879936
755879936
755879936
755879936
755879936
755879936
755879936
755879936
755879936
755879936
755879936
755879936
755879936
755879936
755879936
755879936
755879936
755879936
755879936
755879936
755879936
755879936
755879936
755879936
755879936
755879936
755879936
755879936
755879936
755879936
755879936
755879936
755879936
755879936
755879936
755879936
755879936
755879936
755879936
755879936
755879936
755879936
755879936
755879936
755879936
755879936
755879936
755879936
755879936
755879936
755879936
755879936
755879936
755879936
755879936
755879936
755879936
755879936
755879936
755879936
755879936
755879936
755879936
755879936
755879936
755879936
755879936
755879936
755879936
755879936
755879936
755879936
755879936
755879936
755879936
755879936
755879936
755879936
755879936
755879936
755879936
755879936
755879936
755879936
755879936
755879936
755879936
755879936
755879936
755879936
755879936
755879936
755879936
755879936
755879936
755879936
755879936
755879936
755879936
755879936
755879936
755879936
755879936
755879936
755879936
755879936
755879936
755879936
755879936
755879936
755879936
755879936
755879936
755879936
755879936
755879936
755879936
755879936
755879936
755879936
755879936
755879936
755879936
755879936
755879936
755879936
755879936
755879936
755879936
755879936
755879936
755879936
755879936
755879936
755879936
755879936
755879936
755879936
755879936
755879936
755879936
755879936
755879936
755879936
755879936
755879936
755879936
755879936
755879936
755879936
755879936
755879936
755879936
755879936
755879936
755879936
755879936
755879936
755879936
755879936
755879936
755879936
755879936
755879936
755879936
755879936
755879936
755879936
755879936
755879936
755879936
755879936
755879936
755879936
755879936
755879936
755879936
755879936
755879936
755879936
755879936
755879936
755879936
755879936
755879936
755879936
755879936
755879936
755879936
755879936
755879936
755879936
755879936
755879936
755879936
755879936
755879936
755879936
755879936
755879936
755879936
755879936
755879936
755879936
755879936
755879936
755879936
755879936
755879936
755879936
755879936
755879936
755879936
755879936
755879936
755879936
755879936
755879936
755879936
755879936
755879936
755879936
755879936
755879936
755879936
755879936
755879936
755879936
755879936
755879936
755879936
755879936
755879936
755879936
755879936
755879936
755879936
755879936
755879936
755879936
755879936
755879936
755879936
755879936
755879936
755879936
755879936
755879936
755879936
755879936
755879936
755879936
755879936
755879936
755879936
755879936
755879936
755879936
755879936
755879936
755879936
755879936
755879936
755879936
755879936
755879936
755879936
755879936
755879936
755879936
755879936
755879936
755879936
755879936
755879936
755879936
755879936
755879936
755879936
755879936
755879936
755879936
755879936
755879936
755879936
755879936
755879936
755879936
755879936
755879936
755879936
755879936
755879936
755879936
755879936
755879936
755879936
755879936
755879936
755879936
755879936
755879936
755879936
755879936
755879936
755879936
755879936
755879936
755879936
755879936
755879936
755879936
755879936
755879936
755879936
755879936
755879936
755879936
755879936
755879936
755879936
755879936
755879936
755879936
755879936
755879936
755879936
755879936
755879936
755879936
755879936
755879936
755879936
755879936
755879936
755879936
755879936
755879936
755879936
755879936
755879936
755879936
755879936
755879936
755879936
755879936
755879936
755879936
755879936
755879936
755879936
755879936
755879936
755879936
755879936
755879936
755879936
755879936
755879936
755879936
755879936
755879936
755879936
755879936
755879936
755879936
755879936
755879936
755879936
755879936
755879936
755879936
755879936
755879936
755879936
755879936
755879936
755879936
755879936
755879936
755879936
755879936
755879936
755879936
755879936
755879936
755879936
755879936
755879936
755879936
755879936
755879936
755879936
755879936
755879936
755879936
755879936
755879936
755879936
755879936
755879936
755879936
755879936
755879936
755879936
755879936
755879936
755879936
755879936
755879936
755879936
755879936
755879936
755879936
755879936
755879936
755879936
755879936
755879936
755879936
755879936
755879936
755879936
755879936
755879936
755879936
755879936
755879936
755879936
755879936
755879936
755879936
755879936
755879936
755879936
755879936
755879936
755879936
755879936
755879936
755879936
755879936
755879936
755879936
755879936
755879936
755879936
755879936
755879936
755879936
755879936
755879936
755879936
755879936
755879936
755879936
755879936
755879936
755879936
755879936
755879936
755879936
755879936
755879936
755879936
755879936
755879936
755879936
755879936
755879936
755879936
755879936
755879936
755879936
755879936
755879936
755879936
755879936
755879936
755879936
755879936
755879936
755879936
755879936
755879936
755879936
755879936
755879936
755879936
755879936
755879936
755879936
755879936
755879936
755879936
755879936
755879936
755879936
755879936
755879936
755879936
755879936
755879936
755879936
755879936
755879936
755879936
755879936
755879936
755879936
755879936
755879936
755879936
755879936
755879936
755879936
755879936
755879936
755879936
755879936
755879936
755879936
755879936
755879936
755879936
755879936
755879936
755879936
755879936
755879936
755879936
755879936
755879936
755879936
755879936
755879936
755879936
755879936
755879936
755879936
755879936
755879936
755879936
755879936
755879936
755879936
755879936
755879936
755879936
755879936
755879936
755879936
755879936
755879936
755879936
755879936
755879936
755879936
755879936
755879936
755879936
755879936
755879936
755879936
755879936
755879936
755879936
755879936
755879936
755879936
755879936
755879936
755879936
755879936
755879936
755879936
755879936
755879936
755879936
755879936
755879936
755879936
755879936
755879936
755879936
755879936
755879936
755879936
755879936
755879936
755879936
755879936
755879936
755879936
755879936
755879936
755879936
755879936
755879936
755879936
755879936
755879936
755879936
755879936
755879936
755879936
755879936
755879936
755879936
755879936
755879936
755879936
755879936
755879936
755879936
755879936
755879936
755879936
755879936
755879936
755879936
755879936
755879936
755879936
755879936
755879936
755879936
755879936
755879936
755879936
755879936
755879936
755879936
755879936
755879936
755879936
755879936
755879936
755879936
755879936
755879936
755879936
755879936
755879936
755879936
755879936
755879936
755879936
755879936
755879936
755879936
755879936
755879936
755879936
755879936
755879936
755879936
755879936
755879936
755879936
755879936
755879936
755879936
755879936
755879936
755879936
755879936
755879936
755879936
755879936
755879936
755879936
755879936
755879936
755879936
755879936
755879936
755879936
755879936
755879936
755879936
755879936
755879936
755879936
755879936
755879936
755879936
755879936
755879936
755879936
755879936
755879936
755879936
755879936
755879936
755879936
755879936
755879936
755879936
755879936
1359859712
1359859712
1359859712
1359859712
1359859712
1359859712
1359859712
1359859712
1359859712
1359859712
1359859712
1359859712
1359859712
1359859712
1359859712
1359859712
1359859712
1359859712
1359859712
1359859712
1359859712
1359859712
1359859712
1359859712
1359859712
1359859712
1359859712
1359859712
1359859712
1359859712
1359859712
1359859712
1359859712
1359859712
1359859712
1359859712
1359859712
1359859712
1359859712
1359859712
1359859712
1359859712
1359859712
1359859712
1359859712
1359859712
1359859712
1359859712
1359859712
1359859712
1359859712
1359859712
1359859712
1359859712
1359859712
1359859712
1359859712
1359859712
1359859712
1359859712
1359859712
1359859712
1359859712
1359859712
1359859712
1359859712
1359859712
1359859712
1359859712
1359859712
1359859712
1359859712
1359859712
1359859712
1359859712
1359859712
1359859712
1359859712
1359859712
1359859712
1359859712
1359859712
1359859712
1359859712
1359859712
1359859712
1359859712
1359859712
1359859712
1359859712
1359859712
1359859712
1359859712
1359859712
1359859712
1359859712
1359859712
1359859712
1359859712
1359859712
1359859712
1359859712
1359859712
1359859712
1359859712
1359859712
1359859712
1359859712
1359859712
1359859712
1359859712
1359859712
1359859712
1359859712
1359859712
1359859712
1359859712
1359859712
1359859712
1359859712
1359859712
1359859712
1359859712
1359859712
1359859712
1359859712
1359859712
1359859712
1359859712
1359859712
1359859712
1359859712
1359859712
1359859712
1359859712
1359859712
1359859712
1359859712
1359859712
1359859712
1359859712
1359859712
1359859712
1359859712
1359859712
1359859712
1359859712
1359859712
1359859712
1359859712
1359859712
1359859712
1359859712
1359859712
1359859712
1359859712
1359859712
1359859712
1359859712
1359859712
1359859712
1359859712
1359859712
1359859712
1359859712
1359859712
1359859712
1359859712
1359859712
1359859712
1359859712
1359859712
1359859712
1359859712
1359859712
1359859712
1359859712
1359859712
1359859712
1359859712
1359859712
1359859712
1359859712
1359859712
1359859712
1359859712
1359859712
1359859712
1359859712
1359859712
1359859712
1359859712
1359859712
1359859712
1359859712
1359859712
1359859712
1359859712
1359859712
1359859712
1359859712
1359859712
1359859712
1359859712
1359859712
1359859712
1359859712
1359859712
1359859712
1359859712
1359859712
1359859712
1359859712
1359859712
1359859712
1359859712
1359859712
1359859712
1359859712
1359859712
1359859712
1359859712
1359859712
1359859712
1359859712
1359859712
1359859712
1359859712
1359859712
1359859712
1359859712
1359859712
1359859712
1359859712
1359859712
1359859712
1359859712
1359859712
1359859712
1359859712
1359859712
1359859712
1359859712
1359859712
1359859712
1359859712
1359859712
1359859712
1359859712
1359859712
1359859712
1359859712
1359859712
1359859712
1359859712
1359859712
1359859712
1359859712
1359859712
1359859712
1359859712
1359859712
1359859712
1359859712
1359859712
1359859712
1359859712
1359859712
1359859712
1359859712
1359859712
1359859712
1359859712
1359859712
1359859712
1359859712
1359859712
1359859712
1359859712
1359859712
1359859712
1359859712
1359859712
1359859712
1359859712
1359859712
1359859712
1359859712
1359859712
1359859712
1359859712
1359859712
1359859712
1359859712
1359859712
1359859712
1359859712
1359859712
1359859712
1359859712
1359859712
1359859712
1359859712
1359859712
1359859712
1359859712
1359859712
1359859712
1359859712
1359859712
1359859712
1359859712
1359859712
1359859712
1359859712
1359859712
1359859712
1359859712
1359859712
1359859712
1359859712
1359859712
1359859712
1359859712
1359859712
1359859712
1359859712
1359859712
1359859712
1359859712
1359859712
1359859712
1359859712
1359859712
1359859712
1359859712
1359859712
1359859712
1359859712
1359859712
1359859712
1359859712
1359859712
1359859712
1359859712
1359859712
1359859712
1359859712
1359859712
1359859712
1359859712
1359859712
1359859712
1359859712
1359859712
1359859712
1359859712
1359859712
1359859712
1359859712
1359859712
1359859712
1359859712
1359859712
1359859712
1359859712
1359859712
1359859712
1359859712
1359859712
1359859712
1359859712
1359859712
1359859712
1359859712
1359859712
1359859712
1359859712
1359859712
1359859712
1359859712
1359859712
1359859712
1359859712
1359859712
1359859712
1359859712
1359859712
1359859712
1359859712
1359859712
1359859712
1359859712
1359859712
1359859712
1359859712
1359859712
1359859712
1359859712
1359859712
1359859712
1359859712
1359859712
1359859712
1359859712
1359859712
1359859712
1359859712
1359859712
1359859712
1359859712
1359859712
1359859712
1359859712
1359859712
1359859712
1359859712
1359859712
1359859712
1359859712
1359859712
1359859712
1359859712
1359859712
1359859712
1359859712
1359859712
1359859712
1359859712
1359859712
1359859712
1359859712
1359859712
1359859712
1359859712
1359859712
1359859712
1359859712
1359859712
1359859712
1359859712
1359859712
1359859712
1359859712
1359859712
1359859712
1359859712
1359859712
1359859712
1359859712
1359859712
1359859712
1359859712
1359859712
1359859712
1359859712
1359859712
1359859712
1359859712
1359859712
1359859712
1359859712
1359859712
1359859712
1359859712
1359859712
1359859712
1359859712
1359859712
1359859712
1359859712
1359859712
1359859712
1359859712
1359859712
1359859712
1359859712
1359859712
1359859712
1359859712
1359859712
1359859712
1359859712
1359859712
1359859712
1359859712
1359859712
1359859712
1359859712
1359859712
1359859712
1359859712
1359859712
1359859712
1359859712
1359859712
1359859712
1359859712
1359859712
1359859712
1359859712
1359859712
1359859712
1359859712
1359859712
1359859712
1359859712
1359859712
1359859712
1359859712
1359859712
1359859712
1359859712
1359859712
1359859712
1359859712
1359859712
1359859712
1359859712
1359859712
1359859712
1359859712
1359859712
1359859712
1359859712
1359859712
1359859712
1359859712
1359859712
1359859712
1359859712
1359859712
1359859712
1359859712
1359859712
1359859712
1359859712
1359859712
1359859712
1359859712
1359859712
1359859712
1359859712
1359859712
1359859712
1359859712
1359859712
1359859712
1359859712
1359859712
1359859712
1359859712
1359859712
1359859712
1359859712
1359859712
1359859712
1359859712
1359859712
1359859712
1359859712
1359859712
1359859712
1359859712
1359859712
1359859712
1359859712
1359859712
1359859712
1359859712
1359859712
1359859712
1359859712
1359859712
1359859712
1359859712
1359859712
1359859712
1359859712
1359859712
1359859712
1359859712
1359859712
1359859712
1359859712
1359859712
1359859712
1359859712
1359859712
1359859712
1359859712
1359859712
1359859712
1359859712
1359859712
1359859712
1359859712
1359859712
1359859712
1359859712
1359859712
1359859712
1359859712
1359859712
1359859712
1359859712
1359859712
1359859712
1359859712
1359859712
1359859712
1359859712
1359859712
1359859712
1359859712
1359859712
1359859712
1359859712
1359859712
1359859712
1359859712
1359859712
1359859712
1359859712
1359859712
1359859712
1359859712
1359859712
1359859712
1359859712
1359859712
1359859712
1359859712
1359859712
1359859712
1359859712
1359859712
1359859712
1359859712
1359859712
1359859712
1359859712
1359859712
1359859712
1359859712
1359859712
1359859712
1359859712
1359859712
1359859712
1359859712
1359859712
1359859712
1359859712
1359859712
1359859712
1359859712
1359859712
1359859712
1359859712
1359859712
1359859712
1359859712
1359859712
1359859712
1359859712
1359859712
1359859712
1359859712
1359859712
1359859712
1359859712
1359859712
1359859712
1359859712
1359859712
1359859712
1359859712
1359859712
1359859712
1359859712
1359859712
1359859712
1359859712
1359859712
1359859712
1359859712
1359859712
1359859712
1359859712
1359859712
1359859712
1359859712
1359859712
1359859712
1359859712
1359859712
1359859712
1359859712
1359859712
1359859712
1359859712
1359859712
1359859712
1359859712
1359859712
1359859712
1359859712
1359859712
1359859712
1359859712
1359859712
1359859712
1359859712
1359859712
1359859712
1359859712
1359859712
1359859712
1359859712
1359859712
1359859712
1359859712
1359859712
1359859712
1359859712
1359859712
1359859712
1359859712
1359859712
1359859712
1359859712
1359859712
1359859712
1359859712
1359859712
1359859712
1359859712
1359859712
1359859712
1359859712
1359859712
1359859712
1359859712
1359859712
1359859712
1359859712
1359859712
1359859712
1359859712
1359859712
1359859712
1359859712
1359859712
1359859712
1359859712
1359859712
1359859712
1359859712
1359859712
1359859712
1359859712
1359859712
1359859712
1359859712
1359859712
1359859712
1359859712
1359859712
1359859712
1359859712
1359859712
1359859712
1359859712
1359859712
1359859712
1359859712
1359859712
1359859712
1359859712
1359859712
1359859712
1359859712
1359859712
1359859712
1359859712
1359859712
1359859712
1359859712
1359859712
1359859712
1359859712
1359859712
1359859712
1359859712
1359859712
1359859712
1359859712
1359859712
1359859712
1359859712
1359859712
1359859712
1359859712
1359859712
1359859712
1359859712
1359859712
1359859712
1359859712
1359859712
1359859712
1359859712
1359859712
1359859712
1359859712
1359859712
1359859712
1359859712
1359859712
1359859712
1359859712
1359859712
1359859712
1359859712
1359859712
1359859712
1359859712
1359859712
1359859712
1359859712
1359859712
1359859712
1359859712
1359859712
1359859712
1359859712
1359859712
1359859712
1359859712
1359859712
1359859712
1359859712
1359859712
1359859712
1359859712
1359859712
1359859712
1359859712
1359859712
1359859712
1359859712
1359859712
1359859712
1359859712
1359859712
1359859712
1359859712
1359859712
1359859712
1359859712
1359859712
1359859712
1359859712
1359859712
1359859712
1359859712
1359859712
1359859712
1359859712
1359859712
1359859712
1359859712
1359859712
1359859712
1359859712
1359859712
1359859712
1359859712
1359859712
1359859712
1359859712
1359859712
1359859712
1359859712
1359859712
1359859712
1359859712
1359859712
1359859712
1359859712
1359859712
1359859712
1359859712
1359859712
1359859712
1359859712
1359859712
1359859712
1359859712
1359859712
1359859712
1359859712
1359859712
1359859712
1359859712
1359859712
1359859712
1359859712
1359859712
1359859712
1359859712
1359859712
1359859712
1359859712
1359859712
1359859712
1359859712
1359859712
1359859712
1359859712
1359859712
1359859712
1359859712
1359859712
1359859712
1359859712
1359859712
1359859712
1359859712
1359859712
1359859712
1359859712
1359859712
1359859712
1359859712
1359859712
1359859712
1359859712
1359859712
1359859712
1359859712
1359859712
1359859712
1359859712
1359859712
1359859712
1359859712
1359859712
1359859712
1359859712
1359859712
1359859712
1359859712
1359859712
1359859712
1359859712
1359859712
1359859712
1359859712
1359859712
1359859712
1359859712
1359859712
1359859712
1359859712
1359859712
1359859712
1359859712
1359859712
1359859712
1359859712
1359859712
1359859712
1359859712
1359859712
1359859712
1359859712
1359859712
1359859712
1359859712
1359859712
1359859712
1359859712
1359859712
1359859712
1359859712
1359859712
1359859712
1359859712
1359859712
1359859712
1359859712
1359859712
1359859712
1359859712
1359859712
1359859712
1359859712
1359859712
1359859712
1359859712
1359859712
1359859712
1359859712
1359859712
1359859712
1359859712
1359859712
1359859712
1359859712
1359859712
1359859712
1359859712
1359859712
1359859712
1359859712
1359859712
1359859712
1359859712
1359859712
1359859712
1359859712
1359859712
1359859712
1359859712
1359859712
1359859712
1359859712
1359859712
1359859712
1359859712
1359859712
1359859712
1359859712
1359859712
1359859712
1359859712
1359859712
1359859712
1359859712
1359859712
1359859712
1359859712
1359859712
1359859712
1359859712
1359859712
1359859712
1359859712
1359859712
1359859712
1359859712
1359859712
1359859712
1359859712
1359859712
1359859712
1359859712
1359859712
1359859712
1359859712
1359859712
1359859712
1359859712
1359859712
1359859712
1359859712
1359859712
1359859712
1359859712
1359859712
1359859712
1359859712
1359859712
1359859712
1359859712
1359859712
1359859712
1359859712
1359859712
1359859712
1359859712
1359859712
1359859712
1359859712
1359859712
1359859712
1359859712
1359859712
1359859712
1359859712
1359859712
1359859712
1359859712
1359859712
1359859712
1359859712
1359859712
1359859712
1359859712
1359859712
1359859712
1359859712
1359859712
1359859712
1359859712
1359859712
1359859712
1359859712
1359859712
1359859712
1359859712
1359859712
1359859712
1359859712
1359859712
1359859712
1359859712
1359859712
1359859712
1359859712
1359859712
1359859712
1359859712
1359859712
1359859712
1359859712
1359859712
1359859712
1359859712
1359859712
1359859712
1359859712
1359859712
1359859712
1359859712
1359859712
1359859712
1359859712
1359859712
1359859712
1359859712
1359859712
1359859712
1359859712
1359859712
1359859712
1359859712
1359859712
1359859712
1359859712
1359859712
1359859712
1359859712
1359859712
1359859712
1359859712
1359859712
1359859712
1359859712
1359859712
1359859712
1359859712
1359859712
1359859712
1359859712
1359859712
1359859712
1359859712
1359859712
1359859712
1359859712
1359859712
1359859712
1359859712
1359859712
1359859712
1359859712
1359859712
1359859712
1359859712
1359859712
1359859712
1359859712
1359859712
1359859712
1359859712
1359859712
1359859712
1359859712
1359859712
1359859712
1359859712
1359859712
1359859712
1359859712
1359859712
1359859712
1359859712
1359859712
1359859712
1359859712
1359859712
1359859712
1359859712
1359859712
1359859712
1359859712
1359859712
1359859712
1359859712
1359859712
1359859712
1359859712
1359859712
1359859712
1359859712
1359859712
1359859712
1359859712
1359859712
1359859712
1359859712
1359859712
1359859712
1359859712
1359859712
1359859712
1359859712
1359859712
1359859712
1359859712
1359859712
1359859712
1359859712
1359859712
1359859712
1359859712
1359859712
1359859712
1359859712
1359859712
1359859712
1359859712
1359859712
1359859712
1359859712
1359859712
1359859712
1359859712
1359859712
1359859712
1359859712
1359859712
1359859712
1359859712
1359859712
1359859712
1359859712
1359859712
1359859712
1359859712
1359859712
1359859712
1359859712
1359859712
1359859712
1359859712
1359859712
1359859712
1359859712
1359859712
1359859712
1359859712
1359859712
1359859712
1359859712
1359859712
1359859712
1359859712
1359859712
1359859712
1359859712
1359859712
1359859712
1359859712
1359859712
1359859712
1359859712
1359859712
1359859712
1359859712
1359859712
1359859712
1359859712
1359859712
1359859712
1359859712
1359859712
1359859712
1359859712
1359859712
1359859712
1359859712
1359859712
1359859712
1359859712
1359859712
1359859712
1359859712
1359859712
1359859712
1359859712
1359859712
1359859712
1359859712
1359859712
1359859712
1359859712
1359859712
1359859712
1359859712
1359859712
1359859712
1359859712
1359859712
1359859712
1359859712
1359859712
1359859712
1359859712
1359859712
1359859712
1359859712
1359859712
1359859712
1359859712
1359859712
1359859712
1359859712
1359859712
1359859712
1359859712
1359859712
1359859712
1359859712
1359859712
1359859712
1359859712
1359859712
1359859712
1359859712
1359859712
1359859712
1359859712
1359859712
1359859712
1359859712
1359859712
1359859712
1359859712
1359859712
1359859712
1359859712
1359859712
1359859712
1359859712
1359859712
1359859712
1359859712
1359859712
1359859712
1359859712
1359859712
1359859712
1359859712
1359859712
1359859712
1359859712
1359859712
1359859712
1359859712
1359859712
1359859712
1359859712
1359859712
1359859712
1359859712
1359859712
1359859712
1359859712
1359859712
1359859712
1359859712
1359859712
1359859712
1359859712
1359859712
1359859712
1359859712
1359859712
1359859712
1359859712
1359859712
1359859712
1359859712
1359859712
1359859712
1359859712
1359859712
1359859712
1359859712
1359859712
1359859712
1359859712
1359859712
1359859712
1359859712
1359859712
1359859712
1359859712
1359859712
1359859712
1359859712
1359859712
1359859712
1359859712
1359859712
1359859712
1359859712
1359859712
1359859712
1359859712
1359859712
1359859712
1359859712
1359859712
1359859712
1359859712
1359859712
1359859712
1359859712
1359859712
1359859712
1359859712
1359859712
1359859712
1359859712
1359859712
1359859712
1359859712
1359859712
1359859712
1359859712
1359859712
1359859712
1359859712
1359859712
1359859712
1359859712
1359859712
1359859712
1359859712
1359859712
1359859712
1359859712
1359859712
1359859712
1359859712
1359859712
1359859712
1359859712
1359859712
1359859712
1359859712
1359859712
1359859712
1359859712
1359859712
1359859712
1359859712
1359859712
1359859712
1359859712
1359859712
1359859712
1359859712
1359859712
1359859712
1359859712
1359859712
1359859712
1359859712
1359859712
1359859712
1359859712
1359859712
1359859712
1359859712
1359859712
1359859712
1359859712
1359859712
1359859712
1359859712
1359859712
1359859712
1359859712
1359859712
1359859712
1359859712
1359859712
1359859712
1359859712
1359859712
1359859712
1359859712
1359859712
1359859712
1359859712
1359859712
1359859712
1359859712
1359859712
1359859712
1359859712
1359859712
1359859712
1359859712
1359859712
1359859712
1359859712
1359859712
1359859712
1359859712
1359859712
1359859712
1359859712
1359859712
1359859712
1359859712
1359859712
1359859712
1359859712
1359859712
1359859712
1359859712
1359859712
1359859712
1359859712
1359859712
1359859712
1359859712
1359859712
1359859712
1359859712
1359859712
1359859712
1359859712
1359859712
1359859712
1359859712
1359859712
1359859712
1359859712
1359859712
1359859712
1359859712
1359859712
1359859712
1359859712
1359859712
1359859712
1359859712
1359859712
1359859712
1359859712
1359859712
1359859712
1359859712
1359859712
1359859712
1359859712
1359859712
1359859712
1359859712
1359859712
1359859712
1359859712
1359859712
1359859712
1359859712
1359859712
1359859712
1359859712
1359859712
1359859712
1359859712
1359859712
1359859712
1359859712
1359859712
1359859712
1359859712
1359859712
1359859712
1359859712
1359859712
1359859712
1359859712
1359859712
1359859712
1359859712
1359859712
1359859712
1359859712
1359859712
1359859712
1359859712
1359859712
1359859712
1359859712
1359859712
1359859712
1359859712
1359859712
1359859712
1359859712
1359859712
1359859712
1359859712
1359859712
1359859712
1359859712
1359859712
1359859712
1359859712
1359859712
1359859712
1359859712
1359859712
1359859712
1359859712
1359859712
1359859712
1359859712
1359859712
1359859712
1359859712
1359859712
1359859712
1359859712
1359859712
1359859712
1359859712
1359859712
1359859712
1359859712
1359859712
1359859712
1359859712
1359859712
1359859712
1359859712
1359859712
1359859712
1359859712
1359859712
1359859712
1359859712
1359859712
1359859712
1359859712
1359859712
1359859712
1359859712
1359859712
1359859712
1359859712
1359859712
1359859712
1359859712
1359859712
1359859712
1359859712
1359859712
1359859712
1359859712
1359859712
1359859712
1359859712
1359859712
1359859712
1359859712
1359859712
1359859712
1359859712
1359859712
1359859712
1359859712
1359859712
1359859712
1359859712
1359859712
1359859712
1359859712
1359859712
1359859712
1359859712
1359859712
1359859712
1359859712
1359859712
1359859712
1359859712
1359859712
1359859712
1359859712
1359859712
1359859712
1359859712
1359859712
1359859712
1359859712
1359859712
1359859712
1359859712
1359859712
1359859712
1359859712
1359859712
1359859712
1359859712
1359859712
1359859712
1359859712
1359859712
1359859712
1359859712
1359859712
1359859712
1359859712
1359859712
1359859712
1359859712
1359859712
1359859712
1359859712
1359859712
1359859712
1359859712
1359859712
1359859712
1359859712
1359859712
1359859712
1359859712
1359859712
1359859712
1359859712
1359859712
1359859712
1359859712
1359859712
1359859712
1359859712
1359859712
1359859712
1359859712
1359859712
1359859712
1359859712
1359859712
1359859712
1359859712
1359859712
1359859712
1359859712
1359859712
1359859712
1359859712
1359859712
1359859712
1359859712
1359859712
1359859712
1359859712
1359859712
1359859712
1359859712
1359859712
1359859712
1359859712
1359859712
1359859712
1359859712
1359859712
1359859712
1359859712
1359859712
1359859712
1359859712
1359859712
1359859712
1359859712
1359859712
1359859712
1359859712
1359859712
1359859712
1359859712
1359859712
1359859712
1359859712
1359859712
1359859712
1359859712
1359859712
1359859712
1359859712
1359859712
1359859712
1359859712
1359859712
1359859712
1359859712
1359859712
1359859712
1359859712
1359859712
1359859712
1359859712
1359859712
1359859712
1359859712
1359859712
1359859712
1359859712
1359859712
1359859712
1359859712
1359859712
1359859712
1359859712
1359859712
1359859712
1359859712
1359859712
1359859712
1359859712
1359859712
1359859712
1359859712
1359859712
1359859712
1359859712
1359859712
1359859712
1359859712
1359859712
1359859712
1359859712
1359859712
1359859712
1359859712
1359859712
1359859712
1359859712
1359859712
1359859712
1359859712
1359859712
1359859712
1359859712
1359859712
1359859712
1359859712
1359859712
1359859712
1359859712
1359859712
1359859712
1359859712
1359859712
1359859712
1359859712
1359859712
1359859712
1359859712
1359859712
1359859712
1359859712
1359859712
1359859712
1359859712
1359859712
1359859712
1359859712
1359859712
1359859712
1359859712
1359859712
1359859712
1359859712
1359859712
1359859712
1359859712
1359859712
1359859712
1359859712
1359859712
1359859712
1359859712
1359859712
1359859712
1359859712
1359859712
1359859712
1359859712
1359859712
1359859712
1359859712
1359859712
1359859712
1359859712
1359859712
1359859712
1359859712
1359859712
1359859712
1359859712
1359859712
1359859712
1359859712
1359859712
1359859712
1359859712
1359859712
1359859712
1359859712
1359859712
1359859712
1359859712
1359859712
1359859712
1359859712
1359859712
1359859712
1359859712
1359859712
1359859712
1359859712
1359859712
1359859712
1359859712
1359859712
1359859712
1359859712
1359859712
1359859712
1359859712
1359859712
1359859712
1359859712
1359859712
1359859712
1359859712
1359859712
1359859712
1359859712
1359859712
1359859712
1359859712
1359859712
1359859712
1359859712
1359859712
1359859712
1359859712
1359859712
1359859712
1359859712
1359859712
1359859712
1359859712
1359859712
1359859712
1359859712
1359859712
1359859712
1359859712
1359859712
1359859712
1359859712
1359859712
1359859712
1359859712
1359859712
1359859712
1359859712
1359859712
1359859712
1359859712
1359859712
1359859712
1359859712
1359859712
1359859712
1359859712
1359859712
1359859712
1359859712
1359859712
1359859712
1359859712
1359859712
1359859712
1359859712
1359859712
1359859712
1359859712
1359859712
1359859712
1359859712
1359859712
1359859712
1359859712
1359859712
1359859712
1359859712
1359859712
1359859712
1359859712
1359859712
1359859712
1359859712
1359859712
1359859712
1359859712
1359859712
1359859712
1359859712
1359859712
1359859712
1359859712
1359859712
1359859712
1359859712
1359859712
1359859712
1359859712
1359859712
1359859712
1359859712
1359859712
1359859712
1359859712
1359859712
1359859712
1359859712
1359859712
1359859712
1359859712
1359859712
1359859712
1359859712
1359859712
1359859712
1359859712
1359859712
1359859712
1359859712
1359859712
1359859712
1359859712
1359859712
1359859712
1359859712
1359859712
1359859712
1359859712
1359859712
1359859712
1359859712
1359859712
1359859712
1359859712
1359859712
1359859712
1359859712
1359859712
1359859712
1359859712
1359859712
1359859712
1359859712
1359859712
1359859712
1359859712
1359859712
1359859712
1359859712
1359859712
1359859712
1359859712
1359859712
1359859712
1359859712
1359859712
1359859712
1359859712
1359859712
1359859712
1359859712
1359859712
1359859712
1359859712
1359859712
1359859712
1359859712
1359859712
1359859712
1359859712
1359859712
1359859712
1359859712
1359859712
1359859712
1359859712
1359859712
1359859712
1359859712
1359859712
1359859712
1359859712
1359859712
1359859712
1359859712
1359859712
1359859712
1359859712
1359859712
1359859712
1359859712
1359859712
1359859712
1359859712
1359859712
1359859712
1359859712
1359859712
1359859712
1359859712
1359859712
1359859712
1359859712
1359859712
1359859712
1359859712
1359859712
1359859712
1359859712
1359859712
1359859712
1359859712
1359859712
1359859712
1359859712
1359859712
1359859712
1359859712
1359859712
1359859712
1359859712
1359859712
1359859712
1359859712
1359859712
1359859712
1359859712
1359859712
1359859712
1359859712
1359859712
1359859712
1359859712
1359859712
1359859712
1359859712
1359859712
1359859712
1359859712
1359859712
1359859712
1359859712
1359859712
1359859712
1359859712
1359859712
1359859712
1359859712
1359859712
1359859712
1359859712
1359859712
1359859712
1359859712
1359859712
1359859712
1359859712
1359859712
1359859712
1359859712
1359859712
1359859712
1359859712
1359859712
1359859712
1359859712
1359859712
1359859712
1359859712
1359859712
1359859712
1359859712
1359859712
1359859712
1359859712
1359859712
1359859712
1359859712
1359859712
1359859712
1359859712
1359859712
1359859712
1359859712
1359859712
1359859712
1359859712
1359859712
1359859712
1359859712
1359859712
1359859712
1359859712
1359859712
1359859712
1359859712
1359859712
1359859712
1359859712
1359859712
1359859712
1359859712
1359859712
1359859712
1359859712
1359859712
1359859712
1359859712
1359859712
1359859712
1359859712
1359859712
1359859712
1359859712
1359859712
1359859712
1359859712
1359859712
1359859712
1359859712
1359859712
1359859712
1359859712
1359859712
1359859712
1359859712
1359859712
1359859712
1359859712
1359859712
1359859712
1359859712
1359859712
1359859712
1359859712
1359859712
1359859712
1359859712
1359859712
1359859712
1359859712
1359859712
1359859712
1359859712
1359859712
1359859712
1359859712
1359859712
1359859712
1359859712
1359859712
1359859712
1359859712
1359859712
1359859712
1359859712
1359859712
1359859712
1359859712
1359859712
1359859712
1359859712
1359859712
1359859712
1359859712
1359859712
1359859712
1359859712
1359859712
1359859712
1359859712
1359859712
1359859712
1359859712
1359859712
1359859712
1359859712
1359859712
1359859712
1359859712
1359859712
1359859712
1359859712
1359859712
1359859712
1359859712
1359859712
1359859712
1359859712
1359859712
1359859712
1359859712
1359859712
1359859712
1359859712
1359859712
1359859712
1359859712
1359859712
1359859712
1359859712
1359859712
1359859712
1359859712
1359859712
1359859712
1359859712
1359859712
1359859712
1359859712
1359859712
1359859712
1359859712
1359859712
1359859712
1359859712
1359859712
1359859712
1359859712
1359859712
1359859712
1359859712
1359859712
1359859712
1359859712
1359859712
1359859712
1359859712
1359859712
1359859712
1359859712
1359859712
1359859712
1359859712
1359859712
1359859712
1359859712
1359859712
1359859712
1359859712
1359859712
1359859712
1359859712
1359859712
1359859712
1359859712
1359859712
1359859712
1359859712
1359859712
1359859712
1359859712
1359859712
1359859712
1359859712
1359859712
1359859712
1359859712
1359859712
1359859712
1359859712
1359859712
1359859712
1359859712
1359859712
1359859712
1359859712
1359859712
1359859712
1359859712
1359859712
1359859712
1359859712
1359859712
1359859712
1359859712
1359859712
1359859712
1359859712
1359859712
1359859712
1359859712
1359859712
1359859712
1359859712
1359859712
1359859712
1359859712
1359859712
1359859712
1359859712
1359859712
1359859712
1359859712
1359859712
1359859712
1359859712
1359859712
1359859712
1359859712
1359859712
1359859712
1359859712
1359859712
1359859712
1359859712
1359859712
1359859712
1359859712
1359859712
1359859712
1359859712
1359859712
1359859712
1359859712
1359859712
1359859712
1359859712
1359859712
1359859712
1359859712
1359859712
1359859712
1359859712
1359859712
1359859712
1359859712
1359859712
1359859712
1359859712
1359859712
1359859712
1359859712
1359859712
1359859712
1359859712
1359859712
1359859712
1359859712
1359859712
1359859712
1359859712
1359859712
1359859712
1359859712
1359859712
1359859712
1359859712
1359859712
1359859712
1359859712
1359859712
1359859712
1359859712
1359859712
1359859712
1359859712
1359859712
1359859712
1359859712
1359859712
1359859712
1359859712
1359859712
1359859712
1359859712
1359859712
1359859712
1359859712
1359859712
1359859712
1359859712
1359859712
1359859712
1359859712
1359859712
1359859712
1359859712
1359859712
1359859712
1359859712
1359859712
1359859712
1359859712
1359859712
1359859712
1359859712
1359859712
1359859712
1359859712
1359859712
1359859712
1359859712
1359859712
1359859712
1359859712
1359859712
1359859712
1359859712
1359859712
1359859712
1359859712
1359859712
1359859712
1359859712
1359859712
1359859712
1359859712
1359859712
1359859712
1359859712
1359859712
1359859712
1359859712
1359859712
1359859712
1359859712
1359859712
1359859712
1359859712
1359859712
1359859712
1359859712
1359859712
1359859712
1359859712
1359859712
1359859712
1359859712
1359859712
1359859712
1359859712
1359859712
1359859712
1359859712
1359859712
1359859712
1359859712
1359859712
1359859712
1359859712
1359859712
1359859712
1359859712
1359859712
1359859712
1359859712
1359859712
1359859712
1359859712
1359859712
1359859712
1359859712
1359859712
1359859712
1359859712
1359859712
1359859712
1359859712
1359859712
1359859712
1359859712
1359859712
1359859712
1359859712
1359859712
1359859712
1359859712
1359859712
1359859712
1359859712
1359859712
1359859712
1359859712
1359859712
1359859712
1359859712
1359859712
1359859712
1359859712
1359859712
1359859712
1359859712
1359859712
1359859712
1359859712
1359859712
1359859712
1359859712
1359859712
1359859712
1359859712
1359859712
1359859712
1359859712
1359859712
1359859712
1359859712
1359859712
1359859712
1359859712
1359859712
1359859712
1359859712
1359859712
1359859712
1359859712
1359859712
1359859712
1359859712
1359859712
1359859712
1359859712
1359859712
1359859712
1359859712
1359859712
1359859712
1359859712
1359859712
1359859712
1359859712
1359859712
1359859712
1359859712
1359859712
1359859712
1359859712
1359859712
1359859712
1359859712
1359859712
1359859712
1359859712
1359859712
1359859712
1359859712
1359859712
1359859712
1359859712
1359859712
1359859712
1359859712
1359859712
1359859712
1359859712
1359859712
1359859712
1359859712
1359859712
1359859712
1359859712
1359859712
1359859712
1359859712
1359859712
1359859712
1359859712
1359859712
1359859712
1359859712
1359859712
1359859712
1359859712
1359859712
1359859712
1359859712
1359859712
1359859712
1359859712
1359859712
1359859712
1359859712
1359859712
1359859712
1359859712
1359859712
1359859712
1359859712
1359859712
1359859712
1359859712
1359859712
1359859712
1359859712
1359859712
1359859712
1359859712
1359859712
1359859712
1359859712
1359859712
1359859712
1359859712
1359859712
1359859712
1359859712
1359859712
1359859712
1359859712
1359859712
1359859712
1359859712
1359859712
1359859712
1359859712
1359859712
1359859712
1359859712
1359859712
1359859712
1359859712
1359859712
1359859712
1359859712
1359859712
1359859712
1359859712
1359859712
1359859712
1359859712
1359859712
1359859712
1359859712
1359859712
1359859712
1359859712
1359859712
1359859712
1359859712
1359859712
1359859712
1359859712
1359859712
1359859712
1359859712
1359859712
1359859712
1359859712
1359859712
1359859712
1359859712
1359859712
1359859712
1359859712
1359859712
1359859712
1359859712
1359859712
1359859712
1359859712
1359859712
1359859712
1359859712
1359859712
1359859712
1359859712
1359859712
1359859712
1359859712
1359859712
1359859712
1359859712
1359859712
1359859712
1359859712
1359859712
1359859712
1359859712
1359859712
1359859712
1359859712
1359859712
1359859712
1359859712
1359859712
1359859712
1359859712
1359859712
1359859712
1359859712
1359859712
1359859712
1359859712
1359859712
1359859712
1359859712
1359859712
1359859712
1359859712
1359859712
1359859712
1359859712
1359859712
1359859712
1359859712
1359859712
1359859712
1359859712
1359859712
1359859712
1359859712
1359859712
1359859712
1359859712
1359859712
1359859712
1359859712
1359859712
1359859712
1359859712
1359859712
1359859712
1359859712
1359859712
1359859712
1359859712
1359859712
1359859712
1359859712
1359859712
1359859712
1359859712
1359859712
1359859712
1359859712
1359859712
1359859712
1359859712
1359859712
1359859712
1359859712
1359859712
1359859712
1359859712
1359859712
1359859712
1359859712
1359859712
1359859712
1359859712
1359859712
1359859712
1359859712
1359859712
1359859712
1359859712
1359859712
1359859712
1359859712
1359859712
1359859712
1359859712
1359859712
1359859712
1359859712
1359859712
1359859712
1359859712
1359859712
1359859712
1359859712
1359859712
1359859712
1359859712
1359859712
1359859712
1359859712
1359859712
1359859712
1359859712
1359859712
1359859712
1359859712
1359859712
1359859712
1359859712
1359859712
1359859712
1359859712
1359859712
1359859712
1359859712
1359859712
1359859712
1359859712
1359859712
1359859712
1359859712
1359859712
1359859712
1359859712
1359859712
1359859712
1359859712
1359859712
1359859712
1359859712
1359859712
1359859712
1359859712
1359859712
1359859712
1359859712
1359859712
1359859712
1359859712
1359859712
1359859712
1359859712
1359859712
1359859712
1359859712
1359859712
1359859712
1359859712
1359859712
1359859712
1359859712
1359859712
1359859712
1359859712
1359859712
1359859712
1359859712
1359859712
1359859712
1359859712
1359859712
1359859712
1359859712
1359859712
1359859712
1359859712
1359859712
1359859712
1359859712
1359859712
1359859712
1359859712
1359859712
1359859712
1359859712
1359859712
1359859712
1359859712
1359859712
1359859712
1359859712
1359859712
1359859712
1359859712
1359859712
1359859712
1359859712
1359859712
1359859712
1359859712
1359859712
1359859712
1359859712
1359859712
1359859712
1359859712
1359859712
1359859712
1359859712
1359859712
1359859712
1359859712
1359859712
1359859712
1359859712
1359859712
1359859712
1359859712
1359859712
1359859712
1359859712
1359859712
1359859712
1359859712
1359859712
1359859712
1359859712
1359859712
1359859712
1359859712
1359859712
1359859712
1359859712
1359859712
1359859712
1359859712
1359859712
1359859712
1359859712
1359859712
1359859712
1359859712
1359859712
1359859712
1359859712
1359859712
1359859712
1359859712
1359859712
1359859712
1359859712
1359859712
1359859712
1359859712
1359859712
1359859712
1359859712
1359859712
1359859712
1359859712
1359859712
1359859712
1359859712
1359859712
1359859712
1359859712
1359859712
1359859712
1359859712
1359859712
1359859712
1359859712
1359859712
1359859712
1359859712
1359859712
1359859712
1359859712
1359859712
1359859712
1359859712
1359859712
1359859712
1359859712
1359859712
1359859712
1359859712
1359859712
1359859712
1359859712
1359859712
1359859712
1359859712
1359859712
1359859712
1359859712
1359859712
1359859712
1359859712
1359859712
1359859712
1359859712
1359859712
1359859712
1359859712
1359859712
1359859712
1359859712
1359859712
1359859712
1359859712
1359859712
1359859712
1359859712
1359859712
1359859712
1359859712
1359859712
1359859712
1359859712
1359859712
1359859712
1359859712
1359859712
1359859712
1359859712
1359859712
1359859712
1359859712
1359859712
1359859712
1359859712
1359859712
1359859712
1359859712
1359859712
1359859712
1359859712
1359859712
1359859712
1359859712
1359859712
1359859712
1359859712
1359859712
1359859712
1359859712
1359859712
1359859712
1359859712
1359859712
1359859712
1359859712
1359859712
1359859712
1359859712
1359859712
1359859712
1359859712
1359859712
1359859712
1359859712
1359859712
1359859712
1359859712
1359859712
1359859712
1359859712
1359859712
1359859712
1359859712
1359859712
1359859712
1359859712
1359859712
1359859712
1359859712
1359859712
1359859712
1359859712
1359859712
1359859712
1359859712
1359859712
1359859712
1359859712
1359859712
1359859712
1359859712
1359859712
1359859712
1359859712
1359859712
1359859712
1359859712
1359859712
1359859712
1359859712
1359859712
1359859712
1359859712
1359859712
1359859712
1359859712
1359859712
1359859712
1359859712
1359859712
1359859712
1359859712
1359859712
1359859712
1359859712
1359859712
1359859712
1359859712
1359859712
1359859712
1359859712
1359859712
1359859712
1359859712
1359859712
1359859712
1359859712
1359859712
1359859712
1359859712
1359859712
1359859712
1359859712
1359859712
1359859712
1359859712
1359859712
1359859712
1359859712
1359859712
1359859712
1359859712
1359859712
1359859712
1359859712
1359859712
1359859712
1359859712
1359859712
1359859712
1359859712
1359859712
1359859712
1359859712
1359859712
1359859712
1359859712
1359859712
1359859712
1359859712
1359859712
1359859712
1359859712
1359859712
1359859712
1359859712
1359859712
1359859712
1359859712
1359859712
1359859712
1359859712
1359859712
1359859712
1359859712
1359859712
1359859712
1359859712
1359859712
1359859712
1359859712
1359859712
1359859712
1359859712
1359859712
1359859712
1359859712
1359859712
1359859712
1359859712
1359859712
1359859712
1359859712
1359859712
1359859712
1359859712
1359859712
1359859712
1359859712
1359859712
1359859712
1359859712
1359859712
1359859712
1359859712
1359859712
1359859712
1359859712
1359859712
1359859712
1359859712
1359859712
1359859712
1359859712
1359859712
1359859712
1359859712
1359859712
1359859712
1359859712
1359859712
1359859712
1359859712
1359859712
1359859712
1359859712
1359859712
1359859712
1359859712
1359859712
1359859712
1359859712
1359859712
1359859712
1359859712
1359859712
1359859712
1359859712
1359859712
1359859712
1359859712
1359859712
1359859712
1359859712
1359859712
1359859712
1359859712
1359859712
1359859712
1359859712
1359859712
1359859712
1359859712
1359859712
1359859712
1359859712
1359859712
1359859712
1359859712
1359859712
1359859712
1359859712
1359859712
1359859712
1359859712
1359859712
1359859712
1359859712
1359859712
1359859712
1359859712
1359859712
1359859712
1359859712
1359859712
1359859712
1359859712
1359859712
1359859712
1359859712
1359859712
1359859712
1359859712
1359859712
1359859712
1359859712
1359859712
1359859712
1359859712
1359859712
1359859712
1359859712
1359859712
1359859712
1359859712
1359859712
1359859712
1359859712
1359859712
1359859712
1359859712
1359859712
1359859712
1359859712
1359859712
1359859712
1359859712
1359859712
1359859712
1359859712
1359859712
1359859712
1359859712
1359859712
1359859712
1359859712
1359859712
1359859712
1359859712
1359859712
1359859712
1359859712
1359859712
1359859712
1359859712
1359859712
1359859712
1359859712
1359859712
1359859712
1359859712
1359859712
1359859712
1359859712
1359859712
1359859712
1359859712
1359859712
1359859712
1359859712
1359859712
1359859712
1359859712
1359859712
1359859712
1359859712
1359859712
1359859712
1359859712
1359859712
1359859712
1359859712
1359859712
1359859712
1359859712
1359859712
1359859712
1359859712
1359859712
1359859712
1359859712
1359859712
1359859712
1359859712
1359859712
1359859712
1359859712
1359859712
1359859712
1359859712
1359859712
1359859712
1359859712
1359859712
1359859712
1359859712
1359859712
1359859712
1359859712
1359859712
1359859712
1359859712
1359859712
1359859712
1359859712
1359859712
1359859712
1359859712
1359859712
1359859712
1359859712
1359859712
1359859712
1359859712
1359859712
1359859712
1359859712
1359859712
1359859712
1359859712
1359859712
1359859712
1359859712
1359859712
1359859712
1359859712
1359859712
1359859712
1359859712
1359859712
1359859712
1359859712
1359859712
1359859712
1359859712
1359859712
1359859712
1359859712
1359859712
1359859712
1359859712
1359859712
1359859712
1359859712
1359859712
1359859712
1359859712
1359859712
1359859712
1359859712
1359859712
1359859712
1359859712
1359859712
1359859712
1359859712
1359859712
1359859712
1359859712
1359859712
1359859712
1359859712
1359859712
1359859712
1359859712
1359859712
1359859712
1359859712
1359859712
1359859712
1359859712
1359859712
1359859712
1359859712
1359859712
1359859712
1359859712
1359859712
1359859712
1359859712
1359859712
1359859712
1359859712
1359859712
1359859712
1359859712
1359859712
1359859712
1359859712
1359859712
1359859712
1359859712
1359859712
1359859712
1359859712
1359859712
1359859712
1359859712
1359859712
1359859712
1359859712
1359859712
1359859712
1359859712
1359859712
1359859712
1359859712
1359859712
1359859712
1359859712
1359859712
1359859712
1359859712
1359859712
1359859712
1359859712
1359859712
1359859712
1359859712
1359859712
1359859712
1359859712
1359859712
1359859712
1359859712
1359859712
1359859712
1359859712
1359859712
1359859712
1359859712
1359859712
1359859712
1359859712
1359859712
1359859712
1359859712
1359859712
1359859712
1359859712
1359859712
1359859712
1359859712
1359859712
1359859712
1359859712
1359859712
1359859712
1359859712
1359859712
1359859712
1359859712
1359859712
1359859712
1359859712
1359859712
1359859712
1359859712
1359859712
1359859712
1359859712
1359859712
1359859712
1359859712
1359859712
1359859712
1359859712
1359859712
1359859712
1359859712
1359859712
1359859712
1359859712
1359859712
1359859712
1359859712
1359859712
1359859712
1359859712
1359859712
1359859712
1359859712
1359859712
1359859712
1359859712
1359859712
1359859712
1359859712
1359859712
1359859712
1359859712
1359859712
1359859712
1359859712
1359859712
1359859712
1359859712
1359859712
1359859712
1359859712
1359859712
1359859712
1359859712
1359859712
1359859712
1359859712
1359859712
1359859712
1359859712
1359859712
1359859712
1359859712
1359859712
1359859712
1359859712
1359859712
1359859712
1359859712
1359859712
1359859712
1359859712
1359859712
1359859712
1359859712
1359859712
1359859712
1359859712
1359859712
1359859712
1359859712
1359859712
1359859712
1359859712
1359859712
1359859712
1359859712
1359859712
1359859712
1359859712
1359859712
1359859712
1359859712
1359859712
1359859712
1359859712
1359859712
1359859712
1359859712
1359859712
1359859712
1359859712
1359859712
1359859712
1359859712
1359859712
1359859712
1359859712
1359859712
1359859712
1359859712
1359859712
1359859712
1359859712
1359859712
1359859712
1359859712
1359859712
1359859712
1359859712
1359859712
1359859712
1359859712
1359859712
1359859712
1359859712
1359859712
1359859712
1359859712
1359859712
1359859712
1359859712
1359859712
1359859712
1359859712
1359859712
1359859712
1359859712
1359859712
1359859712
1359859712
1359859712
1359859712
1359859712
1359859712
1359859712
1359859712
1359859712
1359859712
1359859712
1359859712
1359859712
1359859712
1359859712
1359859712
1359859712
1359859712
1359859712
1359859712
1359859712
1359859712
1359859712
1359859712
1359859712
1359859712
1359859712
1359859712
1359859712
1359859712
1359859712
1359859712
1359859712
1359859712
1359859712
1359859712
1359859712
1359859712
1359859712
1359859712
1359859712
1359859712
1359859712
1359859712
1359859712
1359859712
1359859712
1359859712
1359859712
1359859712
1359859712
1359859712
1359859712
1359859712
1359859712
1359859712
1359859712
1359859712
1359859712
1359859712
1359859712
1359859712
1359859712
1359859712
1359859712
1359859712
1359859712
1359859712
1359859712
1359859712
1359859712
1359859712
1359859712
1359859712
1359859712
1359859712
1359859712
1359859712
1359859712
1359859712
1359859712
1359859712
1359859712
1359859712
1359859712
1359859712
1359859712
1359859712
1359859712
1359859712
1359859712
1359859712
1359859712
1359859712
1359859712
1359859712
1359859712
1359859712
1359859712
1359859712
1359859712
1359859712
1359859712
1359859712
1359859712
1359859712
1359859712
1359859712
1359859712
1359859712
1359859712
1359859712
1359859712
1359859712
1359859712
1359859712
1359859712
1359859712
1359859712
1359859712
1359859712
1359859712
1359859712
1359859712
1359859712
1359859712
1359859712
1359859712
1359859712
1359859712
1359859712
1359859712
1359859712
1359859712
1359859712
1359859712
1359859712
1359859712
1359859712
1359859712
1359859712
1359859712
1359859712
1359859712
1359859712
1359859712
1359859712
1359859712
1359859712
1359859712
1359859712
1359859712
1359859712
1359859712
1359859712
1359859712
1359859712
1359859712
1359859712
1359859712
1359859712
1359859712
1359859712
1359859712
1359859712
1359859712
1359859712
1359859712
1359859712
1359859712
1359859712
1359859712
1359859712
1359859712
1359859712
1359859712
1359859712
1359859712
1359859712
1359859712
1359859712
1359859712
1359859712
1359859712
1359859712
1359859712
1359859712
1359859712
1359859712
1359859712
1359859712
1359859712
1359859712
1359859712
1359859712
1359859712
1359859712
1359859712
1359859712
1359859712
1359859712
1359859712
1359859712
1359859712
1359859712
1359859712
1359859712
1359859712
1359859712
1359859712
1359859712
1359859712
1359859712
1359859712
1359859712
1359859712
1359859712
1359859712
1359859712
1359859712
1359859712
1359859712
1359859712
1359859712
1359859712
1359859712
1359859712
1359859712
1359859712
1359859712
1359859712
1359859712
1359859712
1359859712
1359859712
1359859712
1359859712
1359859712
1359859712
1359859712
1359859712
1359859712
1359859712
1359859712
1359859712
1359859712
1359859712
1359859712
1359859712
1359859712
1359859712
1359859712
1359859712
1359859712
1359859712
1359859712
1359859712
1359859712
1359859712
1359859712
1359859712
1359859712
1359859712
1359859712
1359859712
1359859712
1359859712
1359859712
1359859712
1359859712
1359859712
1359859712
1359859712
1359859712
1359859712
1359859712
1359859712
1359859712
1359859712
1359859712
1359859712
1359859712
1359859712
1359859712
1359859712
1359859712
1359859712
1359859712
1359859712
1359859712
1359859712
1359859712
1359859712
1359859712
1359859712
1359859712
1359859712
1359859712
1359859712
1359859712
1359859712
1359859712
1359859712
1359859712
1359859712
1359859712
1359859712
1359859712
1359859712
1359859712
1359859712
1359859712
1359859712
1359859712
1359859712
1359859712
1359859712
1359859712
1359859712
1359859712
1359859712
1359859712
1359859712
1359859712
1359859712
1359859712
1359859712
1359859712
1359859712
1359859712
1359859712
1359859712
1359859712
1359859712
1359859712
1359859712
1359859712
1359859712
1359859712
1359859712
1359859712
1359859712
1359859712
1359859712
1359859712
1359859712
1359859712
1359859712
1359859712
1359859712
1359859712
1359859712
1359859712
1359859712
1359859712
1359859712
1359859712
1359859712
1359859712
1359859712
1359859712
1359859712
1359859712
1359859712
1359859712
1359859712
1359859712
1359859712
1359859712
1359859712
1359859712
1359859712
1359859712
1359859712
1359859712
1359859712
1359859712
1359859712
1359859712
1359859712
1359859712
1359859712
1359859712
1359859712
1359859712
1359859712
1359859712
1359859712
1359859712
1359859712
1359859712
1359859712
1359859712
1359859712
1359859712
1359859712
1359859712
1359859712
1359859712
1359859712
1359859712
1359859712
1359859712
1359859712
1359859712
1359859712
1359859712
1359859712
1359859712
1359859712
1359859712
1359859712
1359859712
1359859712
1359859712
1359859712
2567819264
2567819264
2567819264
2567819264
2567819264
2567819264
2567819264
2567819264
2567819264
2567819264
2567819264
2567819264
2567819264
2567819264
2567819264
2567819264
2567819264
2567819264
2567819264
2567819264
2567819264
2567819264
2567819264
2567819264
2567819264
2567819264
2567819264
2567819264
2567819264
2567819264
2567819264
2567819264
2567819264
2567819264
2567819264
2567819264
2567819264
2567819264
2567819264
2567819264
2567819264
2567819264
2567819264
2567819264
2567819264
2567819264
2567819264
2567819264
2567819264
2567819264
2567819264
2567819264
2567819264
2567819264
2567819264
2567819264
2567819264
2567819264
2567819264
2567819264
2567819264
2567819264
2567819264
2567819264
2567819264
2567819264
2567819264
2567819264
2567819264
2567819264
2567819264
2567819264
2567819264
2567819264
2567819264
2567819264
2567819264
2567819264
2567819264
2567819264
2567819264
2567819264
2567819264
2567819264
2567819264
2567819264
2567819264
2567819264
2567819264
2567819264
2567819264
2567819264
2567819264
2567819264
2567819264
2567819264
2567819264
2567819264
2567819264
2567819264
2567819264
2567819264
2567819264
2567819264
2567819264
2567819264
2567819264
2567819264
2567819264
2567819264
2567819264
2567819264
2567819264
2567819264
2567819264
2567819264
2567819264
2567819264
2567819264
2567819264
2567819264
2567819264
2567819264
2567819264
2567819264
2567819264
2567819264
2567819264
2567819264
2567819264
2567819264
2567819264
2567819264
2567819264
2567819264
2567819264
2567819264
2567819264
2567819264
2567819264
2567819264
2567819264
2567819264
2567819264
2567819264
2567819264
2567819264
2567819264
2567819264
2567819264
2567819264
2567819264
2567819264
2567819264
2567819264
2567819264
2567819264
2567819264
2567819264
2567819264
2567819264
2567819264
2567819264
2567819264
2567819264
2567819264
2567819264
2567819264
2567819264
2567819264
2567819264
2567819264
2567819264
2567819264
2567819264
2567819264
2567819264
2567819264
2567819264
2567819264
2567819264
2567819264
2567819264
2567819264
2567819264
2567819264
2567819264
2567819264
2567819264
2567819264
2567819264
2567819264
2567819264
2567819264
2567819264
2567819264
2567819264
2567819264
2567819264
2567819264
2567819264
2567819264
2567819264
2567819264
2567819264
2567819264
2567819264
2567819264
2567819264
2567819264
2567819264
2567819264
2567819264
2567819264
2567819264
2567819264
2567819264
2567819264
2567819264
2567819264
2567819264
2567819264
2567819264
2567819264
2567819264
2567819264
2567819264
2567819264
2567819264
2567819264
2567819264
2567819264
2567819264
2567819264
2567819264
2567819264
2567819264
2567819264
2567819264
2567819264
2567819264
2567819264
2567819264
2567819264
2567819264
2567819264
2567819264
2567819264
2567819264
2567819264
2567819264
2567819264
2567819264
2567819264
2567819264
2567819264
2567819264
2567819264
2567819264
2567819264
2567819264
2567819264
2567819264
2567819264
2567819264
2567819264
2567819264
2567819264
2567819264
2567819264
2567819264
2567819264
2567819264
2567819264
2567819264
2567819264
2567819264
2567819264
2567819264
2567819264
2567819264
2567819264
2567819264
2567819264
2567819264
2567819264
2567819264
2567819264
2567819264
2567819264
2567819264
2567819264
2567819264
2567819264
2567819264
2567819264
2567819264
2567819264
2567819264
2567819264
2567819264
2567819264
2567819264
2567819264
2567819264
2567819264
2567819264
2567819264
2567819264
2567819264
2567819264
2567819264
2567819264
2567819264
2567819264
2567819264
2567819264
2567819264
2567819264
2567819264
2567819264
2567819264
2567819264
2567819264
2567819264
2567819264
2567819264
2567819264
2567819264
2567819264
2567819264
2567819264
2567819264
2567819264
2567819264
2567819264
2567819264
2567819264
2567819264
2567819264
2567819264
2567819264
2567819264
2567819264
2567819264
2567819264
2567819264
2567819264
2567819264
2567819264
2567819264
2567819264
2567819264
2567819264
2567819264
2567819264
2567819264
2567819264
2567819264
2567819264
2567819264
2567819264
2567819264
2567819264
2567819264
2567819264
2567819264
2567819264
2567819264
2567819264
2567819264
2567819264
2567819264
2567819264
2567819264
2567819264
2567819264
2567819264
2567819264
2567819264
2567819264
2567819264
2567819264
2567819264
2567819264
2567819264
2567819264
2567819264
2567819264
2567819264
2567819264
2567819264
2567819264
2567819264
2567819264
2567819264
2567819264
2567819264
2567819264
2567819264
2567819264
2567819264
2567819264
2567819264
2567819264
2567819264
2567819264
2567819264
2567819264
2567819264
2567819264
2567819264
2567819264
2567819264
2567819264
2567819264
2567819264
2567819264
2567819264
2567819264
2567819264
2567819264
2567819264
2567819264
2567819264
2567819264
2567819264
2567819264
2567819264
2567819264
2567819264
2567819264
2567819264
2567819264
2567819264
2567819264
2567819264
